28 sections manquantes (nom, position du nom, type, flags, addr, size, link, info, addr_align, ent_size)

NULL            NULL    NULL         0    0x0          0x0     0x0   0x0   0x0   0x0
.interp         0xb     prog_bits    A    0x400270     0x1c    0x0   0x0   0x1   0x0
.note.ABI-tag   0x13    note         A    0x40028c     0x20    0x0   0x0   0x4   0x0
.hash           0x25    hash         A    0x4002ac     0xbc    0x5   0x0   0x8   0x0
.gnu.hash       0x21    gnu_hash     A    0x400368     0x40    0x5   0x0   0x8   0x0
.dynsym         0x2b    dynsym       A    0x4003a8     0x260   0x6   0x3   0x8   0x18
.dynstr         0x33    strtab       A    0x400618     0x156   0x0   0x0   0x1   0x0
.gnu.version    0x3b    versym       A    0x40076e     0x3a    0x5   0x0   0x2   0x2
.gnu.version_r  0x48    verneed      A    0x4007a8     0x20    0x6   0x2   0x8   0x0
.rela.dyn       0x57    rela         A    0x4007c8     0x18    0x5   0x0   0x8   0x18
.rela.plt       0x61    rela         AI   0x4007e0     0x1a0   0x5   0x17  0x8   0x18
.init           0x6b    prog_bits    AX   0x400990     0x18    0x0   0x0   0x4   0x0
.plt            0x66    prog_bits    AX   0x4009b0     0x130   0x0   0x0   0x10  0x10
.text           0x71    prog_bits    AX   0x400ae0     0x10e8  0x0   0x0   0x10  0x0
.fini           0x77    prog_bits    AX   0x401bc8     0xe     0x0   0x0   0x4   0x0
.rodata         0x7d    prog_bits    A    0x401bd8     0x130   0x0   0x0   0x8   0x0
.eh_frame_hdr   0x85    prog_bits    A    0x401d10     0x178   0x0   0x0   0x4   0x0
.eh_frame       0x93    prog_bits    A    0x401e88     0x2c8   0x0   0x0   0x8   0x0
.ctors          0x9d    prog_bits    WA   0x602e10     0x10    0x0   0x0   0x8   0x0
.dtors          0xa4    prog_bits    WA   0x602e20     0x10    0x0   0x0   0x8   0x0
.jcr            0xab    prog_bits    WA   0x602e30     0x8     0x0   0x0   0x8   0x0
.dynamic        0xb0    dynamic      WA   0x602e38     0x170   0x6   0x0   0x8   0x10
.got            0xb9    prog_bits    WA   0x602fa8     0x8     0x0   0x0   0x8   0x8
.got.plt        0xbe    prog_bits    WA   0x603000     0xa8    0x0   0x0   0x8   0x8
.data           0xc7    prog_bits    WA   0x6030a8     0x198   0x0   0x0   0x8   0x0
.bss            0xcd    nobits       WA   0x602140     0xcd0   0x0   0x0   0x10  0x0
.comment        0xd2    prog_bits    MS   0x603240     0x55    0x0   0x0   0x1   0x1
.shstrtab       0x1     strtab       0    0x0          0xdb    0x0   0x0   0x1   0x0


prog_bits : 1
note : 7
hash : 5
gnu_hash : f6ffff6f
dynsym : b
strtab : 3
versym : ffffff6f
verneed : feffff6f
rela : 4
dynamic : 6
nobits : 8

X : 4
A : 2
W : 1
I : 40
M : 20
S : 10

00 00 00 00 00 00 00 00 00 00 00 00 00 00 00 00 00 00 00 00 00 00 00 00 00 00 00 00 00 00 00 00 00 00 00 00 00 00 00 00 00 00 00 00 00 00 00 00 00 00 00 00 00 00 00 00 00 00 00 00 00 00 00 00
0B 00 00 00 01 00 00 00 02 00 00 00 00 00 00 00 70 02 40 00 00 00 00 00 70 02 00 00 00 00 00 00 1C 00 00 00 00 00 00 00 00 00 00 00 00 00 00 00 01 00 00 00 00 00 00 00 00 00 00 00 00 00 00 00
13 00 00 00 07 00 00 00 02 00 00 00 00 00 00 00 8c 02 40 00 00 00 00 00 8c 02 00 00 00 00 00 00 20 00 00 00 00 00 00 00 00 00 00 00 00 00 00 00 04 00 00 00 00 00 00 00 00 00 00 00 00 00 00 00
25 00 00 00 05 00 00 00 02 00 00 00 00 00 00 00 ac 02 40 00 00 00 00 00 ac 02 00 00 00 00 00 00 bc 00 00 00 00 00 00 00 05 00 00 00 00 00 00 00 08 00 00 00 00 00 00 00 00 00 00 00 00 00 00 00
21 00 00 00 F6 FF FF 6F 02 00 00 00 00 00 00 00 68 03 40 00 00 00 00 00 68 03 00 00 00 00 00 00 40 00 00 00 00 00 00 00 05 00 00 00 00 00 00 00 08 00 00 00 00 00 00 00 00 00 00 00 00 00 00 00
2b 00 00 00 0B 00 00 00 02 00 00 00 00 00 00 00 a8 03 40 00 00 00 00 00 a8 03 00 00 00 00 00 00 60 02 00 00 00 00 00 00 06 00 00 00 04 00 00 00 08 00 00 00 00 00 00 00 18 00 00 00 00 00 00 00
33 00 00 00 03 00 00 00 02 00 00 00 00 00 00 00 18 06 40 00 00 00 00 00 18 06 00 00 00 00 00 00 56 01 00 00 00 00 00 00 00 00 00 00 00 00 00 00 01 00 00 00 00 00 00 00 00 00 00 00 00 00 00 00
3b 00 00 00 FF FF FF 6F 02 00 00 00 00 00 00 00 6e 07 40 00 00 00 00 00 6e 07 00 00 00 00 00 00 3a 00 00 00 00 00 00 00 05 00 00 00 00 00 00 00 02 00 00 00 00 00 00 00 02 00 00 00 00 00 00 00
48 00 00 00 FE FF FF 6F 02 00 00 00 00 00 00 00 a8 07 40 00 00 00 00 00 a8 07 00 00 00 00 00 00 20 00 00 00 00 00 00 00 06 00 00 00 02 00 00 00 08 00 00 00 00 00 00 00 00 00 00 00 00 00 00 00
57 00 00 00 04 00 00 00 02 00 00 00 00 00 00 00 c8 07 40 00 00 00 00 00 c8 07 00 00 00 00 00 00 18 00 00 00 00 00 00 00 05 00 00 00 00 00 00 00 08 00 00 00 00 00 00 00 18 00 00 00 00 00 00 00
61 00 00 00 04 00 00 00 42 00 00 00 00 00 00 00 e0 07 40 00 00 00 00 00 e0 07 00 00 00 00 00 00 a0 01 00 00 00 00 00 00 05 00 00 00 17 00 00 00 08 00 00 00 00 00 00 00 18 00 00 00 00 00 00 00
6b 00 00 00 01 00 00 00 06 00 00 00 00 00 00 00 90 09 40 00 00 00 00 00 90 09 00 00 00 00 00 00 18 00 00 00 00 00 00 00 00 00 00 00 00 00 00 00 04 00 00 00 00 00 00 00 00 00 00 00 00 00 00 00
66 00 00 00 01 00 00 00 06 00 00 00 00 00 00 00 b0 09 40 00 00 00 00 00 b0 09 00 00 00 00 00 00 30 01 00 00 00 00 00 00 00 00 00 00 00 00 00 00 10 00 00 00 00 00 00 00 10 00 00 00 00 00 00 00
71 00 00 00 01 00 00 00 06 00 00 00 00 00 00 00 e0 0a 40 00 00 00 00 00 e0 0a 00 00 00 00 00 00 e8 10 00 00 00 00 00 00 00 00 00 00 00 00 00 00 10 00 00 00 00 00 00 00 00 00 00 00 00 00 00 00
77 00 00 00 01 00 00 00 06 00 00 00 00 00 00 00 c8 1b 40 00 00 00 00 00 c8 1b 00 00 00 00 00 00 0e 00 00 00 00 00 00 00 00 00 00 00 00 00 00 00 04 00 00 00 00 00 00 00 00 00 00 00 00 00 00 00
7d 00 00 00 01 00 00 00 06 00 00 00 00 00 00 00 d8 1b 40 00 00 00 00 00 d8 1b 00 00 00 00 00 00 30 01 00 00 00 00 00 00 00 00 00 00 00 00 00 00 08 00 00 00 00 00 00 00 00 00 00 00 00 00 00 00
85 00 00 00 01 00 00 00 02 00 00 00 00 00 00 00 10 1d 40 00 00 00 00 00 10 1d 00 00 00 00 00 00 78 01 00 00 00 00 00 00 00 00 00 00 00 00 00 00 04 00 00 00 00 00 00 00 00 00 00 00 00 00 00 00
93 00 00 00 01 00 00 00 02 00 00 00 00 00 00 00 88 1e 40 00 00 00 00 00 88 1e 00 00 00 00 00 00 c8 02 00 00 00 00 00 00 00 00 00 00 00 00 00 00 08 00 00 00 00 00 00 00 00 00 00 00 00 00 00 00
9d 00 00 00 01 00 00 00 02 00 00 00 00 00 00 00 10 2e 60 00 00 00 00 00 10 2e 00 00 00 00 00 00 10 00 00 00 00 00 00 00 00 00 00 00 00 00 00 00 08 00 00 00 00 00 00 00 00 00 00 00 00 00 00 00
a4 00 00 00 01 00 00 00 03 00 00 00 00 00 00 00 20 2e 60 00 00 00 00 00 20 2e 00 00 00 00 00 00 10 00 00 00 00 00 00 00 00 00 00 00 00 00 00 00 08 00 00 00 00 00 00 00 00 00 00 00 00 00 00 00
ab 00 00 00 01 00 00 00 03 00 00 00 00 00 00 00 30 2e 60 00 00 00 00 00 30 2e 00 00 00 00 00 00 08 00 00 00 00 00 00 00 00 00 00 00 00 00 00 00 08 00 00 00 00 00 00 00 00 00 00 00 00 00 00 00
b0 00 00 00 06 00 00 00 03 00 00 00 00 00 00 00 38 2e 60 00 00 00 00 00 38 2e 00 00 00 00 00 00 70 01 00 00 00 00 00 00 06 00 00 00 00 00 00 00 08 00 00 00 00 00 00 00 10 00 00 00 00 00 00 00
b9 00 00 00 01 00 00 00 03 00 00 00 00 00 00 00 a8 2f 60 00 00 00 00 00 a8 2f 00 00 00 00 00 00 08 00 00 00 00 00 00 00 00 00 00 00 00 00 00 00 08 00 00 00 00 00 00 00 08 00 00 00 00 00 00 00
be 00 00 00 01 00 00 00 03 00 00 00 00 00 00 00 00 30 60 00 00 00 00 00 00 30 00 00 00 00 00 00 a8 00 00 00 00 00 00 00 00 00 00 00 00 00 00 00 08 00 00 00 00 00 00 00 08 00 00 00 00 00 00 00
c7 00 00 00 01 00 00 00 03 00 00 00 00 00 00 00 a8 30 60 00 00 00 00 00 a8 30 00 00 00 00 00 00 98 01 00 00 00 00 00 00 00 00 00 00 00 00 00 00 08 00 00 00 00 00 00 00 00 00 00 00 00 00 00 00
cd 00 00 00 08 00 00 00 03 00 00 00 00 00 00 00 40 21 60 00 00 00 00 00 40 21 00 00 00 00 00 00 d0 0c 00 00 00 00 00 00 00 00 00 00 00 00 00 00 10 00 00 00 00 00 00 00 00 00 00 00 00 00 00 00
01 00 00 00 03 00 00 00 00 00 00 00 00 00 00 00 00 00 00 00 00 00 00 00 95 32 00 00 00 00 00 00 db 00 00 00 00 00 00 00 00 00 00 00 00 00 00 00 01 00 00 00 00 00 00 00 00 00 00 00 00 00 00 00
d2 00 00 00 01 00 00 00 30 00 00 00 00 00 00 00 00 00 00 00 00 00 00 00 40 32 00 00 00 00 00 00 55 00 00 00 00 00 00 00 00 00 00 00 00 00 00 00 01 00 00 00 00 00 00 00 01 00 00 00 00 00 00 00