20 20
0 16 65 23 26 28 195 223 199 115 97 222 249 46 2 29 230 226 72 93 
216 173 62 59 214 80 245 127 221 51 66 178 96 162 59 115 132 59 104 30 
236 253 165 118 216 244 224 217 10 216 76 126 253 230 102 243 255 164 215 140 
92 70 114 98 175 43 35 23 164 211 145 126 144 252 232 129 14 222 190 13 
168 218 201 250 110 14 13 164 36 112 120 88 75 241 20 2 88 77 22 246 
196 15 220 79 122 87 116 160 100 211 4 127 71 216 107 179 107 228 157 119 
6 70 126 65 117 94 71 221 245 23 38 221 147 64 140 143 222 172 39 98 
43 144 165 219 4 203 132 124 180 155 245 237 201 220 112 143 75 107 131 224 
128 30 114 44 1 164 66 229 239 3 120 8 99 171 80 61 12 213 133 3 
241 108 146 66 229 7 145 167 2 57 112 75 6 193 176 135 89 143 152 98 
136 34 52 194 169 45 167 69 178 44 83 37 0 143 224 142 248 201 17 147 
50 229 252 27 205 137 132 245 163 61 141 152 241 203 57 19 47 82 124 243 
119 13 177 54 237 203 111 236 160 53 132 27 243 169 176 94 235 10 136 25 
225 239 88 25 169 50 179 81 123 224 93 119 253 176 89 134 252 120 80 161 
175 157 249 98 92 176 155 42 191 209 39 212 161 206 108 195 112 21 134 123 
189 219 208 94 104 65 3 183 133 163 50 58 181 227 76 54 236 167 234 101 
213 59 16 7 105 187 215 208 130 109 127 2 183 117 13 215 93 224 6 182 
1 95 110 134 160 205 212 63 191 29 51 85 76 209 160 204 169 75 226 202 
30 67 103 32 67 86 92 50 240 16 83 24 92 203 168 88 240 57 85 137 
204 83 177 169 217 234 89 217 224 138 11 217 160 43 223 13 107 2 248 0 
