20 20
0 82 35 44 161 205 37 134 175 54 190 186 9 202 163 212 153 215 2 254 
101 88 143 19 236 140 66 252 191 104 255 61 248 255 1 195 17 171 164 233 
208 252 131 21 123 191 219 149 84 42 249 19 112 253 191 52 169 34 152 127 
69 139 189 12 17 186 202 43 25 138 185 14 248 51 142 232 81 100 146 190 
42 204 192 81 176 239 0 139 235 161 30 253 115 17 16 62 231 163 61 97 
117 41 64 162 187 130 131 106 75 109 171 154 195 201 194 133 71 187 137 137 
202 184 73 109 68 98 166 73 122 141 107 221 232 111 58 185 101 237 11 245 
178 225 191 34 117 204 33 44 252 116 113 100 0 236 246 189 187 43 146 197 
111 160 247 240 51 198 131 146 153 48 205 64 116 70 176 39 85 215 211 62 
29 221 235 54 186 140 68 215 153 102 214 24 165 0 143 236 31 33 125 60 
121 36 41 210 68 102 165 194 175 82 89 115 236 224 39 162 45 54 103 9 
64 57 92 38 114 48 179 134 236 209 86 8 236 39 251 128 80 85 82 27 
131 186 56 121 121 221 149 254 125 102 65 51 85 79 89 51 253 143 148 45 
238 202 140 76 17 147 18 51 186 63 166 133 23 22 67 2 148 52 160 31 
63 234 58 155 16 114 42 154 44 225 184 24 187 249 124 89 5 50 152 254 
11 115 64 141 119 250 18 26 167 166 51 6 28 29 204 246 175 98 0 189 
83 164 241 112 73 21 238 90 120 22 200 198 54 199 253 13 249 97 167 169 
91 150 145 200 117 152 73 18 170 20 158 136 165 145 27 124 175 6 20 124 
52 33 192 138 88 19 45 3 150 12 103 153 100 181 56 58 179 104 226 202 
65 27 41 53 104 229 249 6 0 179 123 117 58 105 149 37 3 136 168 0 
